0.0014687000000002115
0.0020665999999995854
0.0033049999999996693
0.004286800000000035
0.005194900000000224
0.011727399999999832
0.008253200000000405
0.010643599999999864
0.011086300000000104
0.012813399999999753
0.015283600000000064
0.019305500000000198
0.01805380000000012
0.020550200000000185
0.02213250000000011
0.025430100000000344
0.02604919999999966
0.02949679999999999
0.029725200000000118
0.03196809999999983
0.035227099999999734
0.0367510000000002
0.04002490000000014
0.04243449999999971
0.044387399999999744
0.04778070000000012
0.05242639999999987
0.061648499999999995
0.06311650000000002
0.061321599999999865
0.06610339999999981
0.07182390000000005
0.08432739999999983
0.09324279999999963
0.0829099000000002
0.09589240000000032
0.09464499999999987
0.09697520000000015
0.09758669999999992
0.10160180000000008
0.10655500000000018
0.1076397999999994
0.11467749999999999
0.12493029999999994
0.12018329999999988
0.13184869999999993
0.1503684999999999
0.15869809999999962
0.14146500000000017
0.1449536999999994
0.16008020000000034
0.15564979999999995
0.16171679999999977
0.1834787999999996
0.17608699999999988
0.17045760000000065
0.18957890000000077
0.18627269999999996
0.18957470000000054
0.20081629999999961
0.21072049999999987
0.2162178000000008
0.21895549999999986
0.21741869999999963
0.22763119999999937
0.24144159999999992
0.25826379999999993
0.25839529999999833
0.25059640000000094
0.25867090000000026
0.29409579999999913
0.27569729999999915
0.2780542999999991
0.3006885999999991
0.3131534000000009
0.31375990000000087
0.32010889999999925
0.32068660000000015
0.33206939999999996
0.3327923999999989
0.33653469999999963
0.3486516000000002
0.35783979999999893
0.3586369000000005
0.3760633999999996
0.3998815000000011
0.3823395999999999
0.3997353999999991
0.3987937000000006
0.40317890000000034
0.42452240000000074
0.42633299999999963
0.4377311999999982
0.4382054999999987
0.45555969999999846
0.4517427000000005
0.48205349999999925
0.4862322999999975
0.5222788999999999
0.5036473000000008
0.5090941000000022
0.5244217000000013
0.5385004999999978
0.5440322999999978
0.5510534000000007
0.5549844999999998
0.5675368000000027
0.5817876999999996
0.5937052999999999
0.6142294000000028
0.6079371000000009
0.623536099999999
0.6462558999999999
0.6492888000000008
0.6555936999999972
0.661617200000002
0.6893418999999987
0.6780906000000009
0.6898800000000023
0.7020172000000002
0.7201264000000052
0.7306621999999976
0.7337166999999951
0.7541456000000011
0.762330299999995
0.7901963000000052
0.7989145000000022
0.8073558999999975
0.8154037999999986
0.8295909000000066
0.8370429000000001
0.851278899999997
0.8602437999999992
0.8704138000000015
0.8925815999999998
0.903178699999998
0.9246575999999962
0.953593799999993
0.9433142000000032
0.9786359000000004
0.9748951999999989
0.9939678000000001
1.0066976999999966
1.0098506
1.031295
1.0506607000000017
1.0502015
1.0755592000000007
1.0925064000000049
1.0996985000000024
1.1249468000000036
1.1263805999999974
1.1637271999999967
1.160861599999997
1.184956900000003
1.2316508000000113
1.221767700000001
1.2319293999999985
1.2286239000000023
1.2447036000000082
1.2869515000000007
1.2747142999999994
1.2963107000000065
1.3253169000000042
1.365261099999998
1.3529017000000039
1.3793567999999965
1.3760659000000004
1.392214199999998
1.4522870000000125
1.432092499999996
1.4722498000000002
1.4803014000000019
1.5463596999999965
1.6765699999999981
1.6021652000000017
1.590695399999987
1.5727904000000024
1.5961806999999908
1.6400936000000002
1.6354315999999898
1.6438454999999976
1.6358142999999927
1.682570499999997
1.688421599999998
1.7092112999999927
1.73110539999999
1.763095100000001
1.766988100000006
1.771290399999998
1.7891975000000002
1.900637400000008
1.8403802999999925
1.8984181999999947
1.8858579000000049
1.939666399999993
1.9604232999999738
2.0138574000000062
