0.0002153000000002514
0.000140800000000052
0.00020370000000013988
0.00022739999999998872
0.00033629999999984506
0.0002119000000000426
0.00028669999999975104
0.00013640000000014751
0.0002212999999997578
0.0001406000000003793
0.00013860000000009975
0.00014059999999993522
0.00020599999999992846
0.0001411000000000051
0.00016220000000011225
0.00015009999999993084
0.0001790999999999876
0.00018949999999984257
0.00013640000000014751
0.00014139999999995823
0.00019919999999995497
0.00014199999999986446
0.00014070000000021565
0.00014219999999998123
0.00019960000000018852
0.00014099999999972468
0.0002741999999997802
0.00013759999999995998
0.00014260000000021478
0.00027259999999973417
0.00016410000000011138
0.000144000000000144
0.00014430000000009713
0.0002305000000002444
0.00014260000000021478
0.0002488999999998853
0.000264000000000042
0.0001828000000001495
0.00014050000000054297
0.0001825000000001964
0.00015989999999987958
0.0002162999999999471
0.0001576000000005351
0.00014399999999969992
0.00014249999999993435
0.00014800000000025904
0.00031800000000004047
0.00014249999999993435
0.00014260000000021478
0.00014680000000044657
0.00016389999999955052
0.00014139999999951414
0.0001601999999998327
0.0001373999999998432
0.0001462999999999326
0.00013620000000003074
0.0001425999999993266
0.00014089999999988834
0.00014149999999979457
0.00014769999999941774
0.00016209999999983182
0.00013649999999998386
0.0001467999999995584
0.00013579999999890902
0.00014670000000016614
0.0001412999999992337
0.00014589999999969905
0.00016180000000076689
0.00014189999999913994
0.00018209999999996285
0.0001525999999998362
0.00014439999999993347
0.0001420999999997008
0.00018959999999879074
0.00013649999999998386
0.00014119999999984145
0.00015499999999946112
0.0001905999999998187
0.0001508000000001175
0.00014240000000143027
0.00014179999999974768
0.000131700000000734
0.00014250000000082252
0.00014180000000152404
0.00030109999999972104
0.00013760000000040407
0.00014159999999918682
0.00014730000000007237
0.00021200000000121122
0.00015319999999974243
0.0001830999999974381
0.00014330000000128962
0.00015959999999992647
0.00014089999999811198
0.00014150000000157092
0.00014250000000259888
0.0001410000000028333
0.0001370999999998901
0.00023399999999895726
0.00014210000000147716
0.00015919999999880474
0.00017049999999940724
0.0001409000000016647
0.00015229999999988308
0.000173200000002538
0.00015339999999852694
0.00014740000000301734
0.00014260000000021478
0.00014569999999736183
0.0001431000000025051
0.00014150000000157092
0.00014180000000152404
0.00025660000000016225
0.00015910000000118885
0.00014619999999965216
0.00066309999999703
0.00014729999999829602
0.0001715000000004352
0.00014190000000269265
0.00014219999999909305
0.00014229999999315623
0.0001414999999980182
0.00014930000000390464
0.00014200000000386126
0.00014390000000474856
0.00023259999999680758
0.00013770000000334903
0.0001426000000037675
0.00013669999999876836
0.00014399999999881175
0.00014560000000329865
0.00014269999999783067
0.00014170000000035543
0.00013760000000218042
0.0001523000000034358
0.00018710000000510263
0.0001411000000004492
0.0002178999999955522
0.0001411000000004492
0.00014230000000026166
0.00014230000000026166
0.0001449000000022238
0.00014250000000259888
0.00013789999999858082
0.0001358999999965249
0.00015169999999642414
0.0001409999999992806
0.00013730000000578002
0.00014170000000035543
0.00014060000000171158
0.0002100999999967712
0.0001810999999989349
0.0001411000000004492
0.0001412000000016178
0.00013239999999825613
0.00013699999999516876
0.00014579999999853044
0.0001409999999992806
0.00014209999999081901
0.00013239999999825613
0.00015140000000712917
0.00014170000000035543
0.00014139999998974417
0.00019700000000000273
0.00013669999999876836
0.00014659999999366846
0.00016569999999660467
0.00014279999999189386
0.00013890000001026692
0.00014190000000269265
0.00024610000001246135
0.0001658999999989419
0.0001565999999968426
0.00013610000000596756
0.00018040000000496548
0.00014089999999100655
0.0001412000000016178
0.00014140000000395503
0.00016769999999155516
0.00014199999999675583
0.00014140000000395503
0.000140600000008817
0.00013719999999750598
0.0001634000000052538
0.00018110000000604032
0.00014140000000395503
0.00014140000000395503
0.0001582000000013295
0.000140600000008817
0.00013679999999283154
0.00016579999999066786
0.00014209999999081901
0.0001407000000028802
0.00014389999999764314
0.00014029999999820575
0.00014089999999100655
0.00014180000002284032
0.00014150000001222907
