0.0009283999999922798
0.0010131000000228596
0.0010769999999808988
0.0014644999999973152
0.001481499999982816
0.0015822000000014214
0.0017441999999903146
0.0017564999999990505
0.001920500000011316
0.002050099999991062
0.0024330000000247765
0.004138600000004544
0.002872699999983297
0.0026761000000021795
0.0029837000000156877
0.0031036000000028707
0.003003399999983003
0.0032102000000122644
0.003291300000000774
0.0038098999999931493
0.003540799999996125
0.003832000000016933
0.004145599999986871
0.004098800000008396
0.004148899999989908
0.004274699999996301
0.00435039999999276
0.005116499999985535
0.004658299999988458
0.004940099999998893
0.0049212000000125045
0.00509710000000041
0.00527510000000575
0.005330799999995861
0.005512199999998302
0.005628199999989647
0.006196100000011029
0.006117200000005596
0.006482800000014777
0.00641229999999382
0.00672789999998713
0.006757600000014463
0.006898399999982985
0.00725280000000339
0.007400799999999208
0.007588299999980563
0.008667000000002645
0.007759000000021388
0.007515399999988404
0.008018200000009301
0.007818200000002662
0.008095600000018521
0.00810889999999631
0.00828119999999899
0.008442199999990407
0.008595800000023246
0.008742699999999104
0.008917500000023892
0.009713500000003705
0.00988650000002167
0.009826599999996688
0.010163000000005695
0.009998300000006566
0.010075700000015786
0.009851599999990412
0.01046629999999027
0.010595599999987826
0.01106469999999149
0.0110706000000107
0.010756100000008928
0.011078300000008312
0.011150700000001734
0.011111199999987775
0.011305300000003626
0.011875599999996211
0.011731699999984357
0.012396699999982275
0.012230799999997544
0.012254099999978507
0.012235099999998056
0.012356699999998
0.012638799999990624
0.013081100000022161
0.013186899999993784
0.01428580000001034
0.01403690000000779
0.013812999999998965
0.014228000000002794
0.014652399999988575
0.01771480000002157
0.014692900000000009
0.014779000000004316
0.020269399999989446
0.017234099999996033
0.01589139999998679
0.0158341000000064
0.01599820000001273
0.018718900000010308
0.016591700000020637
0.01672379999999407
0.01629489999999123
0.01692460000001006
0.017259899999999107
0.017295200000006616
0.01732409999999618
0.017384399999997413
0.01790529999999535
0.02071730000000116
0.0191769999999849
0.023938299999997525
0.022420600000003787
0.01872769999999946
0.0183661000000086
0.018542599999989307
0.019239599999991697
0.019092099999994616
0.022809800000004543
0.019831700000025876
0.02063789999999699
0.02058870000001889
0.01915350000001581
0.020063899999996693
0.019761299999998982
0.019986899999992147
0.020701000000002523
0.02069470000000706
0.021608899999989717
0.02209689999997977
0.02081199999997807
0.02117330000001516
0.020888900000016974
0.021593499999994492
0.0209179000000006
0.02077439999999342
0.02103510000000597
0.025262999999995372
0.02284130000001028
0.02326769999999101
0.022385199999973793
0.022643200000004526
0.02327029999997876
0.028920399999975643
0.027091300000023466
0.023215300000003936
0.022833600000012666
0.023512800000020206
0.023454399999991438
0.023961200000002236
0.0239522999999906
0.02505610000000047
0.024470500000006723
0.023742799999979525
0.023911099999992302
0.02486790000000383
0.024586699999986195
0.02605879999998706
0.02477890000000116
0.025189100000005737
0.025116600000018252
0.025678900000002614
0.02631900000000087
0.026040699999981598
0.026213200000000825
0.02674929999997744
0.026169100000004164
0.02636559999999122
0.026347700000002305
0.028105600000003506
0.026709600000003775
0.027711500000009437
0.027022899999991523
0.028142900000005966
0.027450200000004088
0.027649099999990767
0.027871699999991506
0.028192300000000614
0.02814359999999283
0.028261399999991
0.0294762999999989
0.032624900000001844
0.02861120000000028
0.029201199999988603
0.029485399999998663
0.029843099999993683
0.02979329999999436
0.03149160000000961
0.030345699999998033
0.03004590000000462
0.030749500000013086
0.03154019999999491
0.03305910000000267
0.030888400000009142
0.031148799999982657
0.03148680000001036
0.03144919999999729
0.031869199999988496
0.03167880000000878
0.03242979999998852
