0.0002998999999999086
0.0003540000000001875
0.00044800000000000395
0.00044100000000013573
0.0004950999999999706
0.0006791000000001546
0.000579499999999955
0.0006607999999999059
0.0008620000000001404
0.0009700999999999738
0.0007234000000000407
0.0011729000000000323
0.0008870000000000822
0.0018773000000000817
0.0009344000000000019
0.0009548000000001444
0.0011409999999998366
0.001059499999999991
0.0012837000000001098
0.0011381000000001418
0.0011487000000001135
0.0012156999999999307
0.0013041000000000302
0.0013212000000000224
0.001888300000000065
0.0018773000000000817
0.0014499999999999513
0.0014612000000000513
0.001955799999999952
0.0015753999999998936
0.0021323999999998122
0.001608300000000007
0.0016280000000001849
0.0018568999999999392
0.0018578000000000205
0.0019249999999999545
0.0018134999999999124
0.0018831000000001374
0.001928600000000058
0.0019667999999999353
0.0028238999999998793
0.0020109000000001487
0.0021238999999999564
0.002075500000000119
0.0021089999999999165
0.0022807000000000244
0.002218700000000018
0.002306499999999989
0.00255150000000004
0.0024527999999999217
0.002484600000000059
0.0024538000000000615
0.0032623999999998876
0.002815500000000082
0.0031730999999999288
0.002549099999999971
0.0031380999999999215
0.002692899999999998
0.002738499999999977
0.002932099999999993
0.0035039000000001153
0.00299690000000008
0.0029359999999998276
0.004804100000000089
0.0034376000000000406
0.0034103000000000883
0.003981699999999755
0.0031233999999997764
0.003054800000000135
0.003316900000000178
0.003256600000000276
0.0034604999999996444
0.003426499999999777
0.003404900000000044
0.003809999999999647
0.003457399999999833
0.003670800000000085
0.003520100000000248
0.0035424000000001676
0.004455600000000004
0.0035257999999998013
0.0035928000000002847
0.00364539999999991
0.003821499999999922
0.005416600000000216
0.003866499999999995
0.004207599999999978
0.004179500000000225
0.00437030000000016
0.005064200000000074
0.006379600000000263
0.004362599999999883
0.00442100000000023
0.004087699999999916
0.004380600000000179
0.004324599999999901
0.0049544000000003585
0.0045023999999997955
0.004988599999999899
0.005100100000000385
0.005157000000000078
0.00446459999999993
0.00489890000000015
0.004793000000000269
0.006170699999999751
0.005158999999999914
0.004722099999999951
0.0051226999999998135
0.00479900000000022
0.004851399999999728
0.00702910000000001
0.004882999999999971
0.00484220000000013
0.005017800000000072
0.005174700000000421
0.005124200000000023
0.005119800000000119
0.0051666999999997465
0.0058826999999999074
0.005191799999999969
0.005203999999999986
0.005561999999999845
0.005561000000000149
0.005781000000000258
0.005922500000000053
0.005232400000000137
0.005756799999999895
0.005779200000000095
0.008046400000000009
0.005735200000000162
0.005716199999999727
0.006555599999999995
0.006653599999999926
0.006180699999999817
0.005965300000000173
0.006517300000000059
0.006109800000000387
0.006069800000000125
0.006743500000000235
0.006061700000000059
0.007846499999999867
0.010112499999999969
0.00662420000000008
0.006628300000000031
0.0069096999999995745
0.006392899999999813
0.006528299999999376
0.007405000000000328
0.006423800000000313
0.006815600000000366
0.0065907000000002824
0.007045099999999138
0.00662620000000036
0.006698899999999952
0.006563899999999734
0.006834300000000404
0.006702399999999997
0.007395400000000052
0.0078097000000001415
0.007044800000000073
0.006989300000000753
0.009784500000000307
0.007302400000000375
0.006933599999999984
0.007464200000000254
0.007071700000000014
0.008463500000000401
0.007482699999999731
0.0078016999999999115
0.007840100000000128
0.007444200000000123
0.008853199999999894
0.007641200000000126
0.007562599999999975
0.007379499999999872
0.008566999999999325
0.007969400000000348
0.009391100000000208
0.00872470000000014
0.007847899999999797
0.008793999999999969
0.00855759999999961
0.008171800000000395
0.008409900000000192
0.00787930000000081
0.011722400000000022
0.012928300000000448
0.007939799999999941
0.009709500000000482
0.008205099999999632
0.011078900000000225
0.008456200000000358
0.009260300000000221
0.008555400000000546
0.009075900000000026
0.010561599999999949
0.00922429999999963
0.009416400000000102
0.009227899999999956
0.010680100000000081
0.009931700000000099
0.009216799999999914
0.00988209999999956
0.008963000000000498
0.009215199999999868
0.008858799999999611
0.008801199999999731
0.014829299999999712
0.013075999999999866
0.009169599999999889
0.010849499999999956
0.009076199999999979
0.009204800000000013
0.00981149999999964
0.009356899999999335
0.009086899999999787
0.009942600000000468
0.009730499999999864
0.009418199999999821
0.010885899999999893
0.009903599999999457
0.013129600000000075
0.009567299999999612
0.009797300000000675
0.009475399999999468
0.011718899999999977
0.009431399999999535
0.014357700000000584
0.009487200000000584
0.010064299999999804
0.009729199999998883
0.010024700000000664
0.009652400000000227
0.010202800000000067
0.011479600000001255
0.00998940000000026
0.010718000000000671
0.010348000000000468
0.010145800000000094
0.010633499999999074
0.010341600000000284
0.010917699999998476
0.01031919999999964
0.01242859999999979
0.011116599999999366
0.010485000000000966
0.01039169999999956
0.010607900000000114
0.010502900000000537
0.010698300000001382
0.01127440000000135
0.010831099999998983
0.01166829999999841
0.010631599999999963
0.011015099999999833
0.010573799999999522
0.011299199999999843
0.016202800000000295
0.010953200000001218
0.014933599999999103
0.014891200000000993
0.011309400000000025
0.011090299999999331
0.01158509999999957
0.01692400000000127
0.011347900000000521
0.011606600000000356
0.011321600000000487
0.011468400000000045
0.012819800000000825
0.011717900000000725
0.01223469999999871
0.013622800000000268
0.011930599999999458
0.01319890000000079
0.011726300000001189
0.015506900000000101
0.011864599999999115
0.01172840000000086
0.012359499999998746
0.012052399999999963
0.012101499999999987
0.012613800000000452
0.013707000000000136
0.012490899999999527
0.012069499999999067
0.01225670000000001
0.012772200000000566
0.012624699999999933
0.013387999999999067
0.0182159999999989
0.013815899999999104
0.012653000000000247
0.012667699999999726
0.012540700000000626
0.012316000000000216
0.018939699999998894
0.013156900000000249
0.012528000000001427
0.012680800000000048
0.01258370000000042
0.012822199999998674
0.012848099999999363
0.013097600000000043
0.014053999999999789
0.013270500000000851
0.01549580000000006
0.01305880000000137
0.01311630000000008
0.013142699999999508
0.013517699999999522
0.0134647999999995
0.015125900000001025
0.013951399999999836
0.01371819999999957
0.013593200000000749
0.01329609999999981
0.015130600000000882
0.017393000000000214
0.013780099999999962
0.013986300000000895
0.014061100000001048
0.014461899999998806
0.015117699999999346
0.01428259999999959
0.01474960000000003
0.013768299999998845
0.013717000000001534
0.014418300000000883
0.014400800000000658
0.014848199999999423
0.013989999999999725
0.018990399999999852
0.014318300000001116
0.014278199999999686
0.01592550000000159
0.014876600000000906
0.014853900000000309
0.014484899999999357
0.01488139999999838
0.014661800000000724
0.021984200000000342
0.017532299999999168
0.017193100000000072
0.014977500000000532
0.017473400000000083
0.01857090000000028
0.01516990000000007
0.01892970000000105
0.015812699999997903
0.015593100000000248
0.015732500000002148
0.01809730000000087
0.015173700000001844
0.02063410000000232
0.016555600000000226
0.01577610000000007
0.015300099999997485
0.015651200000000642
0.018828100000000347
0.01551730000000262
0.01648980000000222
0.015405200000000008
0.01564559999999915
0.015962099999999424
0.015572699999999884
0.017041799999997664
0.015932000000002944
0.015701899999999824
0.017046300000000514
0.01582859999999897
0.016412600000002442
0.015895499999999174
0.01591810000000038
0.01630190000000198
0.027747500000000258
0.01591550000000197
0.015992299999997073
0.019802899999998402
0.021874700000001468
0.019089000000001022
0.016228800000000376
0.016621400000001785
0.016320100000001503
0.016259200000000362
0.01649229999999946
0.026668199999999587
0.017285100000002274
0.017244699999999114
0.022425800000000606
0.017178999999998723
0.01780069999999867
0.017024700000000337
0.018364299999998224
0.017556599999998923
0.016993300000002876
0.016987499999999045
0.016990899999999698
0.017019399999998797
0.017449299999999113
0.01716340000000116
0.01832650000000058
0.017086499999997784
0.017051600000002054
0.017199499999996704
0.017869999999998498
0.018247299999998745
0.02131830000000079
0.017480199999997836
0.037307500000000715
0.01739939999999862
0.017818600000001794
0.02243610000000018
0.018423800000000767
0.017813899999996607
0.0180460999999994
0.01910609999999835
0.01806799999999953
0.018112900000001986
0.018738100000000202
0.020560499999998427
0.018017100000001562
0.01843290000000053
0.018802100000002042
0.018165899999999624
0.018929900000003386
0.01836060000000117
0.018419399999999087
0.01844300000000132
0.018377099999998592
0.02077159999999978
0.02453649999999996
0.021952699999999936
0.018626999999998617
0.01885520000000085
0.019269800000000004
0.019200200000000223
0.01925780000000188
0.018758300000001782
0.019521499999999747
0.020612699999997375
0.01945909999999884
0.01935669999999945
0.01900320000000022
0.019970499999999447
0.019707299999996764
0.02015079999999969
0.02172960000000046
0.019256599999998514
0.02171690000000126
0.021176200000002865
0.024392100000000028
0.019943800000000067
0.019960499999999826
0.020952599999997545
0.01938729999999822
0.020432500000001852
0.020312600000000458
0.023765799999999615
0.02199149999999861
0.0207689000000002
0.019792400000000043
0.019909400000003075
0.020661699999998007
0.020182599999998274
0.020050200000000018
0.021088500000001176
0.021874699999997915
0.019694300000001164
0.020098900000000697
0.02179850000000272
0.020054200000000577
0.02054599999999951
0.021615699999998128
0.021834200000000692
0.023046900000000647
0.022999099999999828
0.020423000000000968
0.021789699999999357
0.021710399999999908
0.020133999999998764
0.021670600000000206
0.021271599999998614
0.02172970000000163
0.029213900000002013
0.02125239999999806
0.022094499999997907
0.02570400000000106
0.02216459999999998
0.02116529999999983
0.021496400000000193
0.021325700000002
0.021105600000002056
0.024277600000001343
0.022200300000001505
0.022856499999999613
0.021836400000001532
0.021173899999997303
0.02100279999999799
