0.00016749999999987608
0.0003263000000000016
0.0004763000000000961
0.0006051999999998614
0.0007785000000000153
0.0009533000000001568
0.0011798999999999005
0.001300300000000032
0.001512599999999864
0.0016510999999999054
0.001785099999999984
0.0020303999999999878
0.00227210000000011
0.0023755999999999222
0.0029197000000000806
0.0025694999999998913
0.002760099999999932
0.003010500000000027
0.0031407999999999436
0.003313200000000016
0.0034943000000000612
0.004782000000000064
0.0037805000000001865
0.004123100000000157
0.0041462000000001
0.004526699999999995
0.004755300000000018
0.004705500000000029
0.004980399999999996
0.005485299999999915
0.0051232000000001054
0.006704000000000043
0.005683700000000069
0.005682500000000035
0.005893700000000113
0.006231800000000121
0.00629780000000002
0.006051000000000029
0.007216800000000134
0.006721999999999895
0.0066854999999999
0.006955100000000103
0.007066700000000203
0.007597900000000157
0.007752200000000098
0.008905999999999858
0.008213000000000026
0.00843880000000019
0.008018300000000034
0.00902539999999985
0.008810500000000054
0.008902400000000199
0.01041879999999984
0.01039560000000006
0.016822299999999846
0.01065740000000015
0.012865399999999916
0.011678499999999925
0.009616100000000127
0.010454900000000045
0.01069779999999998
0.01050659999999981
0.01043649999999996
0.01485549999999991
0.015742299999999876
0.011103900000000166
0.016639599999999977
0.01424840000000005
0.014298300000000097
0.01121989999999995
0.012109399999999937
0.013383300000000098
0.013069199999999892
0.012583900000000092
0.013659399999999877
0.013344400000000256
0.012803899999999757
0.013110600000000083
0.013039000000000023
0.013136199999999931
0.013030600000000003
0.013132199999999816
0.013301100000000066
0.014794199999999869
0.015639600000000087
0.014535399999999754
0.020952000000000304
0.015157499999999935
0.015388999999999875
0.026642500000000346
0.024311599999999878
0.02050490000000016
0.016221400000000052
0.01617259999999998
0.015996400000000133
0.016156200000000176
0.016425100000000192
0.018270399999999576
0.01717410000000008
0.017742499999999772
0.022386700000000204
0.01928149999999995
0.018170700000000206
0.018865599999999816
0.020733799999999913
0.01954900000000004
0.018871400000000094
0.019721600000000006
0.02222269999999993
0.02849440000000003
0.01894790000000013
0.021240499999999773
0.018464999999999954
0.01927600000000007
0.028225399999999734
0.020774899999999707
0.019725900000000074
0.019745599999999808
0.02243549999999983
0.021500800000000098
0.020091700000000046
0.02014420000000028
0.021541999999999728
0.024317100000000202
0.027316099999999732
0.02109760000000005
0.022430400000000184
0.02651860000000017
0.02315239999999985
0.022791799999999807
0.022093800000000385
0.022437200000000157
0.02304420000000018
0.025170899999999996
0.02737600000000029
0.02444040000000003
0.02713309999999991
0.022913199999999634
0.02362339999999996
0.027048699999999926
0.027310200000000062
0.028363399999999928
0.028753099999999865
0.02564780000000022
0.030695400000000372
0.02508089999999985
0.025475700000000323
0.026886900000000047
0.034954499999999555
0.025739999999999874
0.027149899999999505
0.030817299999999825
0.02660410000000013
0.026280700000000046
0.026356100000000104
0.02823859999999989
0.02686149999999987
0.0263378000000003
0.03181220000000007
0.029325999999999297
0.029287400000000297
0.030838300000000096
0.042617899999999764
0.027935900000000125
0.029090599999999966
0.028369900000000392
0.028236699999999892
0.03906519999999958
0.03690559999999987
0.036062299999999325
0.03117329999999985
0.0326569000000001
0.03392090000000003
0.03002079999999996
0.03341700000000003
0.033222900000000166
0.030277900000000635
0.03381759999999989
0.03701139999999992
0.031397499999999745
0.03161190000000058
0.03244700000000034
0.034138699999999744
0.032898699999999614
0.03537550000000067
0.03850600000000082
0.05314320000000006
0.035208899999999765
0.039714899999999886
0.05217559999999999
0.032745699999999545
0.036553099999999894
0.03359559999999995
0.038915799999999834
0.04132099999999994
0.04868130000000015
0.050649099999999336
0.04774639999999941
0.056542099999999706
0.04362080000000024
0.051798699999999975
0.04207300000000025
0.045679199999999476
0.037332999999999394
0.05618690000000015
0.03902099999999997
0.04033229999999932
0.0401296999999996
0.05462589999999956
0.03981689999999993
0.06349219999999978
0.03924129999999959
0.040465900000000055
0.03819339999999993
0.04064409999999974
0.0400008000000005
0.037148399999999526
0.05632949999999948
0.04040789999999994
0.03972990000000021
0.04925639999999998
0.040989600000000515
0.05184180000000005
0.0448757999999998
0.03985170000000071
0.03964069999999964
0.03907539999999976
0.04693479999999983
0.040473699999999724
0.04729009999999967
0.042249399999999326
0.04165049999999937
0.04556750000000065
0.041706899999999436
0.044071299999998814
0.041634300000000124
0.041806600000001026
0.04300989999999949
0.04290890000000047
0.04091629999999924
0.060296599999999145
0.04187189999999852
0.04208510000000132
0.0420379999999998
0.04952770000000051
0.04781949999999924
0.050884700000001004
0.0431247999999993
0.04875700000000016
0.04327089999999956
0.05146820000000041
0.04345269999999957
0.04525759999999934
0.043138900000000646
0.0444261000000008
0.04364220000000074
0.046030899999999875
0.046727600000000535
0.04992329999999967
0.0505513999999998
0.05056150000000059
0.04863129999999849
0.05142049999999898
0.05785959999999868
0.05451739999999994
0.07763969999999887
0.04963730000000055
0.0463003999999998
0.052425599999999406
0.06284210000000101
0.048174100000000664
0.05314240000000048
0.05909429999999993
0.04859530000000056
0.050349799999999334
0.05497079999999954
0.04900489999999991
0.051885099999999795
0.04805610000000016
0.04933420000000055
0.051442300000001495
0.05334099999999964
0.05066159999999975
0.05382409999999993
0.05503950000000124
0.0538697999999993
0.04954200000000064
0.051450799999999575
0.06653999999999982
0.050648899999998775
0.0611941999999992
0.06356120000000054
0.05161099999999941
0.058538999999999675
0.05164030000000075
0.054867899999999636
0.054263699999999915
0.05239320000000092
0.05366779999999949
0.05188839999999928
0.053407400000001104
0.05332650000000072
0.06850880000000004
0.05392170000000007
0.054547699999998756
0.055860600000000815
0.05730069999999898
0.05377049999999883
0.05968919999999933
0.05499809999999883
0.05613529999999933
0.05724269999999976
0.05921730000000025
0.05821300000000029
0.057558600000000126
0.05792830000000038
0.11217120000000058
0.06865280000000062
0.06613540000000029
0.05672160000000126
0.06474690000000116
0.059148099999999815
0.06329000000000029
0.06360349999999926
0.059841699999999776
0.06576680000000046
0.059384900000001295
0.0584068000000002
0.06649110000000036
0.057671899999999
0.05821619999999861
0.05953479999999978
0.0626812999999995
0.06136940000000024
0.06525630000000149
0.06246709999999922
0.05943639999999917
0.06488599999999956
0.06254050000000078
0.06274720000000045
0.06717949999999995
0.07825080000000106
0.07300799999999974
0.07371119999999998
0.07147770000000087
0.06399120000000025
0.06107619999999869
0.07184679999999943
0.061332900000000024
0.062182700000001034
0.06590870000000137
0.06594639999999785
0.08106409999999897
0.06294550000000143
0.06498480000000129
0.06490639999999814
0.06844040000000007
0.07043080000000046
0.06799449999999752
0.06497269999999844
0.07030590000000103
0.0708560000000027
0.0646261999999993
0.06505640000000312
0.07886330000000186
0.06954559999999788
0.07036340000000152
0.07073079999999976
0.06955119999999937
0.07162549999999968
0.06640080000000026
0.07285990000000098
0.07010550000000038
0.06696230000000014
0.06804950000000076
0.06969549999999813
0.07643729999999849
0.0664543999999978
0.07943660000000108
0.07344880000000131
0.07120829999999856
0.06644350000000188
0.0742422999999981
0.07234800000000163
0.0713815000000011
0.07073680000000238
0.07495989999999964
0.07445669999999893
0.07178790000000035
0.0821196999999998
0.08469050000000067
0.07925930000000037
0.06901369999999929
0.07546310000000034
0.07296369999999897
0.07693069999999835
0.07773219999999981
0.08358949999999865
0.07035869999999989
0.08079999999999998
0.08469129999999936
0.07175370000000214
0.07195910000000083
0.07271120000000053
0.07254059999999996
0.07142809999999855
0.07633050000000097
0.07262320000000244
0.0760626000000002
0.07540499999999994
0.08204910000000254
0.07252990000000281
0.07887299999999797
0.07697070000000039
0.0763151999999998
0.0751862999999986
0.07764720000000125
0.07584449999999876
0.07433280000000053
0.07447540000000075
0.07999769999999984
0.08559750000000221
0.07992759999999777
0.08401680000000056
0.07706759999999946
0.08055510000000154
0.07959599999999867
0.07702079999999967
0.09423420000000249
0.07523700000000133
0.08058969999999732
0.0781901999999981
0.0801817999999983
0.08278809999999837
0.08006680000000088
0.08058070000000228
0.07762310000000028
0.07883700000000005
0.0907038
0.07830470000000034
0.0902959999999986
0.09145499999999984
0.09985029999999995
0.08492689999999925
0.07952990000000071
0.08189589999999924
0.08055699999999888
0.08912619999999905
0.08407919999999791
0.09999300000000133
0.08732099999999932
0.08131910000000175
0.08444749999999956
0.0906086999999971
0.09107810000000072
0.08421980000000318
0.10820599999999914
0.08366179999999801
0.08918339999999958
0.0951703999999971
0.0917457000000006
0.0914634999999997
0.08742820000000151
0.08216369999999884
0.08346880000000212
0.10716030000000032
0.08583100000000243
0.09560980000000185
0.09271439999999842
0.09201050000000066
0.08678560000000246
0.08618419999999816
0.08413089999999812
0.08565039999999868
0.10420109999999738
0.0928293999999994
0.09358410000000106
0.0948935000000013
0.08883189999999885
0.09260929999999945
0.09421289999999871
0.08864309999999875
0.08789830000000265
0.09530080000000041
0.08748160000000027
0.09838489999999922
0.08806929999999724
0.08918330000000196
0.08838160000000173
0.0934966000000017
0.08867169999999902
0.10242870000000082
0.08855349999999973
0.09802720000000065
0.10396589999999861
0.0972180999999992
0.0979422999999997
0.09423439999999772
0.09017500000000211
